{"var":["gene83","gene40","gene23","gene81","gene8","gene59","gene13","gene54","gene46","gene77"],"corr":[[1,0.8767,0.3339,0.3567,0.9069,0.8552,0.916,0.8699,0.6877,0.7576],[0.8767,1,0.2923,0.3236,0.8895,0.8216,0.8449,0.8564,0.6696,0.7246],[0.3339,0.2923,1,0.4879,0.3341,0.3155,0.3672,0.3171,0.2497,0.2846],[0.3567,0.3236,0.4879,1,0.3349,0.2913,0.3424,0.3,0.2028,0.2372],[0.9069,0.8895,0.3341,0.3349,1,0.8806,0.8845,0.8515,0.6886,0.7443],[0.8552,0.8216,0.3155,0.2913,0.8806,1,0.8644,0.8262,0.6323,0.6878],[0.916,0.8449,0.3672,0.3424,0.8845,0.8644,1,0.8887,0.6813,0.7599],[0.8699,0.8564,0.3171,0.3,0.8515,0.8262,0.8887,1,0.7668,0.8294],[0.6877,0.6696,0.2497,0.2028,0.6886,0.6323,0.6813,0.7668,1,0.9571],[0.7576,0.7246,0.2846,0.2372,0.7443,0.6878,0.7599,0.8294,0.9571,1]],"points":[{"gene83":0.2737,"gene40":0.1473,"gene23":0.0091,"gene81":-0.0338,"gene8":0.0821,"gene59":0.0306,"gene13":0.1112,"gene54":0.0707,"gene46":0.0547,"gene77":0.0667,"group":"group1","id":"ind1"},{"gene83":-0.8522,"gene40":-0.2156,"gene23":-0.0801,"gene81":-0.0961,"gene8":-0.1893,"gene59":-0.0869,"gene13":-0.0829,"gene54":-0.1435,"gene46":-0.0757,"gene77":-0.0987,"group":"group3","id":"ind2"},{"gene83":0.023,"gene40":0.0569,"gene23":-0.0677,"gene81":-0.4998,"gene8":0.0121,"gene59":-0.0269,"gene13":0.0055,"gene54":0.0555,"gene46":0.0088,"gene77":0.0077,"group":"group2","id":"ind3"},{"gene83":0.3043,"gene40":0.3013,"gene23":0.015,"gene81":0.0308,"gene8":0.0969,"gene59":0.0996,"gene13":0.1208,"gene54":0.154,"gene46":0.1298,"gene77":0.1414,"group":"group2","id":"ind4"},{"gene83":0.3099,"gene40":0.2718,"gene23":0.1499,"gene81":0.0576,"gene8":0.113,"gene59":0.0645,"gene13":0.1073,"gene54":0.1591,"gene46":0.1321,"gene77":0.1501,"group":"group2","id":"ind5"},{"gene83":0.0176,"gene40":0.0316,"gene23":-0.0469,"gene81":-0.0181,"gene8":0.0194,"gene59":-0.028,"gene13":-0.0218,"gene54":0.0115,"gene46":0.1054,"gene77":0.1054,"group":"group1","id":"ind6"},{"gene83":0.0814,"gene40":0.0844,"gene23":-0.0225,"gene81":-0.0501,"gene8":-0.002,"gene59":-0.0024,"gene13":-0.0149,"gene54":0.0807,"gene46":0.1368,"gene77":0.1056,"group":"group1","id":"ind7"},{"gene83":-0.0538,"gene40":0.0247,"gene23":-0.0732,"gene81":-0.0489,"gene8":-0.008,"gene59":0.0056,"gene13":0.0215,"gene54":0.0123,"gene46":-0.0109,"gene77":-0.0441,"group":"group2","id":"ind8"},{"gene83":0.2423,"gene40":0.2406,"gene23":-0.0227,"gene81":0.1055,"gene8":0.1211,"gene59":0.019,"gene13":0.0424,"gene54":0.0911,"gene46":0.039,"gene77":0.0346,"group":"group2","id":"ind9"},{"gene83":-0.0366,"gene40":0.0028,"gene23":-0.1065,"gene81":-0.0463,"gene8":-0.022,"gene59":-0.0118,"gene13":-0.0459,"gene54":0.0182,"gene46":-0.0385,"gene77":-0.0642,"group":"group2","id":"ind10"}],"minMax":{"gene83":[-1.097,0.4633],"gene40":[-0.7154,0.3558],"gene23":[-0.8433,0.6687],"gene81":[-0.5715,0.1778],"gene8":[-0.2771,0.1619],"gene59":[-0.2078,0.1399],"gene13":[-0.3334,0.2015],"gene54":[-0.3418,0.1997],"gene46":[-0.2583,0.2241],"gene77":[-0.3125,0.2499],"group":[1,3],"id":["ind1","ind99"]}}
